[[1.         0.01648954 0.01038298 ... 0.03670763 0.0511334  0.00783041]
 [0.01648954 1.         0.02169287 ... 0.05139133 0.04946866 0.03396507]
 [0.01038298 0.02169287 1.         ... 0.02267162 0.02534961 0.00867131]
 ...
 [0.03670763 0.05139133 0.02267162 ... 1.         0.10548402 0.02084183]
 [0.0511334  0.04946866 0.02534961 ... 0.10548402 1.         0.02078985]
 [0.00783041 0.03396507 0.00867131 ... 0.02084183 0.02078985 1.        ]]